
function[T,RH,C]=greenhousemodel(u1,u2,u3)
% valori iniziali
T(1)=20;
H(1)=13;
C(1)=500*10^-6*1977;      %% 500ppm
RH(1)=H(1)/(5.5638*exp(0.0572*T(1)));

Ccap=30000;
kcov=10;
h=7;
ru=1.225;
Cair=1003;
LAI=2.6;
gamma=0.008;
rb=150;
L=2450;
N=60;
Ns=1440;

%Tout=[12.7100000000000	12.6200000000000	12.5700000000000	12.4000000000000	12.2400000000000	12.1600000000000	12.0200000000000	11.8700000000000	11.8000000000000	11.7300000000000	11.6400000000000	11.7200000000000	11.6400000000000	11.6400000000000	11.6700000000000	11.7000000000000	11.6900000000000	11.7000000000000	11.6400000000000	11.6400000000000	11.7300000000000	11.4700000000000	11.3200000000000	11.4200000000000	11.6100000000000	11.7300000000000	11.8500000000000	11.7300000000000	11.6800000000000	11.5900000000000	11.5400000000000	11.2500000000000	10.9400000000000	10.8300000000000	10.6100000000000	10.5500000000000	10.4800000000000	10.3100000000000	10.4000000000000	10.3500000000000	10.1900000000000	10.0400000000000	10.1200000000000	10.2200000000000	10.1700000000000	10.0600000000000	9.90000000000000	9.75000000000000	9.88000000000000	10.3700000000000	10.5200000000000	10.5100000000000	10.2700000000000	9.98000000000000	9.70000000000000	9.69000000000000	9.70000000000000	9.73000000000000	9.59000000000000	9.30000000000000	9.04000000000000	9.17000000000000	9.45000000000000	9.59000000000000	9.78000000000000	10.0300000000000	10.3000000000000	10.0900000000000	9.40000000000000	9.06000000000000	9.04000000000000	9.16000000000000	9.21000000000000	9.36000000000000	9.34000000000000	9.28000000000000	9.22000000000000	9.21000000000000	8.88000000000000	8.89000000000000	8.75000000000000	8.78000000000000	8.69000000000000	8.54000000000000	8.69000000000000	8.69000000000000	8.79000000000000	9.20000000000000	9.51000000000000	9.62000000000000	9.95000000000000	10.3800000000000	10.7800000000000	11.0200000000000	11.7800000000000	12.8200000000000	13.0100000000000	13.0600000000000	13.3300000000000	13.8200000000000	13.7400000000000	14.1600000000000	13.4800000000000	14.0600000000000	14.7700000000000	15.6200000000000	15.7400000000000	15.7000000000000	16.2400000000000	17.3100000000000	16.7500000000000	17.0600000000000	16.4500000000000	16.4200000000000	16.7400000000000	16.3500000000000	16.6700000000000	17	17.2000000000000	17.2400000000000	17.2100000000000	17.4800000000000	17.9700000000000	18.1300000000000	18.4800000000000	18.7400000000000	18.5600000000000	18.8900000000000	18.5900000000000	18.4100000000000	17.9700000000000	18.0600000000000	18.0200000000000	18.1600000000000	18.0900000000000	18.4100000000000	18.1800000000000	18.1300000000000	18.2600000000000	18.3000000000000	18.6700000000000	18.3600000000000	19.1100000000000	19.5200000000000	18.8100000000000	18.7200000000000	18.4000000000000	18.0300000000000	18.2500000000000	18.5800000000000	18.5300000000000	18.6700000000000	18.8000000000000	19.3500000000000	20.3400000000000	19.9000000000000	19.6300000000000	19.8800000000000	19.0600000000000	18.9000000000000	18.7500000000000	18.4300000000000	18.4300000000000	18.9100000000000	19.1200000000000	20.5400000000000	21.9500000000000	21.4600000000000	21.3500000000000	21.9700000000000	20.7200000000000	20.9100000000000	20.9300000000000	21.2100000000000	21.9100000000000	21.4200000000000	21.1500000000000	21.3600000000000	21.2000000000000	21.5500000000000	20.9600000000000	21.2600000000000	21.4700000000000	21.2700000000000	21.8900000000000	21.6100000000000	21.5400000000000	21.4200000000000	22.5100000000000	21.8600000000000	21.7800000000000	21.7900000000000	21.3000000000000	21.5300000000000	22.0500000000000	21.4600000000000	20.9900000000000	21.1600000000000	21.0300000000000	20.9300000000000	20.4900000000000	20	19.6200000000000	19.3800000000000	19.1600000000000	19.0600000000000	18.8000000000000	18.6300000000000	18.4100000000000	18.2300000000000	18.1200000000000	18	17.9400000000000	17.7700000000000	17.4800000000000	17.2100000000000	16.9700000000000	16.8700000000000	16.9900000000000	16.9000000000000	16.8100000000000	16.7000000000000	16.5800000000000	16.6000000000000	16.4600000000000	16.1200000000000	16.0700000000000	16.1500000000000	16.0900000000000	15.8500000000000	15.8200000000000	15.6800000000000	15.5500000000000	15.4100000000000	15.3800000000000	15.3900000000000	15.3300000000000	15.0500000000000	15.6600000000000	15.3600000000000	15.1800000000000	14.7600000000000	14.8400000000000	14.5200000000000	14.3400000000000	14.4000000000000	14.6100000000000	14.7900000000000	15.1100000000000	15.3700000000000	15.5700000000000	15.5400000000000	15.4700000000000	15.3800000000000	15.2200000000000	15.0500000000000	14.6200000000000	14.3900000000000	14.2300000000000	14.1700000000000	14.2200000000000	14.1300000000000	14.4100000000000	14.8600000000000	14.7100000000000	14.7100000000000	14.5700000000000	14.9400000000000	15.1000000000000	14.9400000000000	14.2100000000000	13.9700000000000	15.0300000000000	14.9700000000000	14.5200000000000	14.4100000000000	14.3300000000000	14.2200000000000	14	14.0500000000000	13.9100000000000	13.8300000000000	13.7600000000000	13.6000000000000	13.5000000000000	13.5700000000000	13.5700000000000	13.3200000000000	13.3200000000000];
