
function [c,ceq]=nonlcon(u,N,Np,i,T0,H0,C0,RH0,u_zero)   

%%RIFERIMENTI DALL'UPPER LAYER
u1_ref=[31.2803738831016	30.5437431846941	28.7734922067894	-4.09037160933494	-3.09964381301892	-0.122875364609178	5.38394276502510	0.00381304977994990	-0.587635410380900	-0.483525206024786	0.593119359491901	-0.00484469939259858	-0.998405656276383	-2.18010200549976	-0.0787412537961822	21.2011291304167	1.59019986351542	-1.85658365066236	-1.47963177719471	-3.25563590464246	2.27843236625797	0.733661140412239	0.311584841316047	-0.866438074402667	0.0898406344586425	0.909949118893991	-0.0967319754960399	-1.82148490889455	-1.24346544039916	-3.35948170933957	2.10882111163057	0.292999738817884	-4.09719408229240	2.66549707553424	0.782505596727209	-1.82455413176684	-2.31268690830206	0.225728601868422	2.11522732117869	-1.82676048098122	0.858260476888187	0.716733789664603	0.130506223824169	-11.8309726894990	-0.465126482385968	0.637240535076402	2.74149650092597	-1.11638006832766	5.77195292697134	-0.337147506996734	0.533375549094996	-0.378296113385707	0.817661028289349	0.732394817745272	18.2620640425101	24.2847354773650	27.5016830142375	42.4614979012452	41.8107216981142	44.1739652957186	60.1174979968286	56.8961070471483	66.3798948949149	24.1438220507969	43.2151099322775	62.1996023310941	78.5303225959438	117.204663260609	149.038797245975	150.309309956637	99.3715806037717	69.3469123022068	18.3594537441511	18.7580521718121	69.7446198494841	22.8573988221577	52.5345835484563	1.57581613249596	52.5655850704726	74.0508677318759	74.5527530030752	74.5757883674977	73.6889058648283	98.8091424465438	47.9152858918465	70.2093894177208	46.9916746307548	40.9134927673715	31.5206303919211	23.4718655509798	8.59022961535002	3.43384435927678	1.85455588175948	-1.27131835986927	1.11489496536175	0.135403657961241	-0.298720333930580	-0.479268166059010	0.605512204030109	1.13849317494586	0.152170749337754	-0.642670657423500	-1.27536873667546	1.07363972473362	-1.04946897484908	-0.532092075093636	1.65780714564698	0.132125396972462	-0.992442424979037	-0.514468393234209	-0.376489361851057	-0.968063071129383	0.603803256978197	0.122724056597689	0.482779970283662	0.329288878109037	0.183697845016621	-0.179908927695456	-0.435574546064527	-1.42675068441845	-20.1040283798813	-71.0736450674995	-55.6176047620274	-5.67946223906428	-4.05135566146368	-3.78260704345813	-0.806690325272280	1.87252102737929	3.16105314091617	-5.77298827104183	0.700024376973506	-5.10240571728095	0.573803624811730	-0.620385238097512	-0.640362486802849	-2.94028908652203	-0.732598014862899	-0.565354705324113	0.197001447979966	-1.59506389242100	-0.184500200132508	-0.192524239259470	-0.735186529377881	0.260996400729836	-4.45262233228057	0.330085408895028	-2.09694179345497	-1.08035475108115	-0.572530636570689	-5.26766498347703	-0.489320655512952	-1.60351638158394	-0.283340231117227	-1.10099523330780	-0.728732471372594	-4.15559954558820	-8.00741965145593	-3.74997599121053	2.03611092220095	-0.534806537700190	-0.479319579704583	-0.652661662140653	-0.852082028419190	-4.02067355868629	-5.98050025812950	-2.36136350647988	-0.00283038136393522	1.94557993233528	-4.04072969689469	-0.0213912481125505	-2.67794991199679	-0.494529162210673	-0.923894530335833	-3.04670419356163	0.678865480485797	-0.313380501615070	-2.66839792689174	0.0385273656605827	0.0906728503432209	-2.73957468519888	-2.81116204305207	-4.60461723971662	-4.78377477592940	-1.54837544653639	-36.4560083828383	-36.0305439309668	-0.686312878232079	-2.74086967667947	-2.51462579333549	-1.82650827856767	0.274994000198797	1.14459142964911	0.635312950640053	-1.34590694109490	-1.14695592678862	-0.101740580976846	-0.321893126211251	-1.71567102023947	0.160012169678123	0.528740926451130	0.196230991677291	0.247368338260891	0.00880543798597944	-0.628474651521444	-0.485535196434312	0.924648758812640	-0.226101054158350	-0.546824966629843	-0.241956849263167	-1.45335018325847	-3.82532324820396	-0.0349348339772053	1.66226130138966	-0.768625371494561	-1.21081174092792	0.409063185074538	-0.326075995938176	0.145755822831393	-0.169331838165993	0.416649869258685	0.572495620593663	-7.81024481543135	-8.24877834995241	-8.60736635747799	-8.81103786365364	-8.90829600099896	-7.75283204784865	-7.24911891866564	-0.195789178546262	-0.227180397449029	-0.652425057085855	-0.348429620356226	-0.629882363489226	-0.303561143002901	-0.348525795586287	-0.601844619321414	-0.435649836938755	-0.0534424599593098	-0.215266167022776	-0.500605183128521	-0.0927223883407666	-0.230305457487884	-0.276005202544913	-0.168830936753990	-0.533233384660014	-0.525965108761656	-0.284315977317304	-0.220769046058503	-0.508102834235076	-0.498459186763257	-0.178414696748635	-0.285493317316903	-0.333147966539166	-0.110792883413067	-0.551716052805757	-0.417233681649266	-0.145606478841926	-0.377784736787399	-0.0962929389361310	-0.219921618997597	0.0715150860856058	-0.479147754900833	-1.91099377325218	-0.994657424997040	-1.66998350353439	-0.943529564523362	-1.66500218970058	-1.06789972656100	-7.32755578864801	-1.50422322875962	-0.803236028773234	-5.36079311174810	-1.02142695346032	-5.31126370551322	-5.28301060994599	-5.33175188620259	-5.29737229107907	-1.55831304521923	-0.956273132442072	-7.46087049069142	-1.00194235238839	-1.02166624260569	-0.983993595526378	-7.37594762942845	-0.362098974217141	-0.540934611510642	-5.13044206605597	-0.334665776610669];
