function y=obj(u,N,Np,i,T0,H0,C0,RH0)

    %% RIFERIMENTI PER LO STATO DALL'UPPER LAYER
    %facciamo partire l'upper layer e salviamo i dati, che vengono
    %ricopiati qui
    T_open=[20,19.5440601100944,19.3434943601421,19.1274723392703,18.9224075180399,18.7284630841466,18.5548609251749,18.3907634038378,18.2340610260434,18.0934770115324,17.9679006775818,17.8507858403769,17.7631207232941,17.6750532405741,17.5973450157344,17.5374944996318,17.4838978134066,17.4516628398181,17.4208681948018,17.3897121559239,17.3614208050456,17.3520002805031,17.3097814000914,17.2560704375313,17.2256775398850,17.2231705743964,17.2360747101416,17.2622279370147,17.2689382527430,17.2694087356749,17.2567249686107,17.2414007298053,17.1934882113646,17.1136168959662,17.0332510349773,16.9020611658533,16.8416302537855,16.7750962823849,16.6973329826128,16.6484225407130,16.6004311491404,16.5433247957797,16.4804452169785,16.4418747151029,16.4199962297662,16.4000279405571,16.3686013436689,16.3252251149354,16.2750759618266,16.2485451643462,16.2862265490833,16.3374797017087,16.3775950822515,16.3941464407225,16.3616678470361,16.2979441311942,16.2464944131325,16.2010993443940,16.1719412721579,16.1338255805424,16.0700679924476,15.9936307443027,15.9406620949753,16.0409138134174,16.4264033366650,16.8854939600996,17.3634381917092,17.8439215420875,18.5207177569312,19.4833811059932,20.7019565438046,21.1890237947565,21.1440769216710,19.8615347604581,18.2468597826865,16.8460585103746,15.6423593321606,14.6084452542037,14.0013351651243,14.0005827428703,14.0002368337267,14.0003279129299,14.0001657337261,14.0001593126421,14.0002331999914,14.0002466972410,14.0002665404578,14.0003072933953,14.0002293239402,14.0002298658526,14.0002351353517,14.0009867784165,14.0000292015671,14.0298994417168,14.1723075352122,14.4769473034182,14.9378310987738,15.4252968092696,15.9496199325846,16.4931936688805,17.0834917971213,17.6376129846844,18.2311101528654,18.7122776658179,19.2782909256982,19.9114033528672,20.6334257727146,21.3496793442139,22.0414179744732,22.6995478520729,23.5574915560362,24.3738594291434,25.2444584783795,25.9066867675108,25.9384443414628,25.9558625640334,25.9619175035252,25.7266059312631,25.9535688481368,25.9493535464819,25.9678511495692,25.9429546010313,25.9446992304794,25.9668503450359,25.9570857067447,25.9694457149716,25.8328519788096,25.9838390817847,25.5490580985682,25.9802243998543,25.7692694042263,25.9599380238020,25.9660774503516,25.9333474445645,25.5768809411500,24.8044621986805,24.3448028945324,24.1821001141251,24.0605718869031,23.9534555227423,23.9331558497591,24.1050317861672,24.3270547462703,25.1257541840712,25.9998701384607,25.6187277122877,25.1310786326904,24.6520891165224,24.7551712641376,25.1626651246585,25.9164483827922,25.8607891247128,25.1456982613886,25.2081289560929,25.3918708255709,25.9944452650035,25.7205725316088,25.6834708502250,25.9215271687773,25.7039852543861,24.9350090916069,23.6450845678395,22.0816412613675,20.8625669830229,20.7961696178608,22.4913293833465,23.9903419351852,25.1867288636197,25.6210434438021,25.7776050287670,25.9998216507980,25.9412470039030,25.9823852823898,25.9512086234898,25.7667986931294,25.9935878181329,25.9802383791895,25.8391885468018,25.9899178341963,25.8885935088675,25.9785694487272,25.9721637036279,25.9282224436437,25.9802440867417,25.8826732605750,25.9832611487476,25.9236621856173,25.9798098615557,25.8953387564422,25.9553911874603,25.9768286583550,25.9355225102590,25.9531737577732,25.7903918991545,25.7852887326540,25.9016943774320,25.9456694748546,25.9088197236318,25.6928981192619,25.0527018194723,23.9686926798692,22.6067528859758,21.4029732988815,20.3978465757891,19.5893474784614,19.0471145388599,18.7210906609554,18.5121614991734,18.3603093129602,18.1950746982135,18.0180996718231,17.8548960947851,17.6976230342070,17.5539766547921,17.4101621755570,17.2530973611532,17.0864445843484,17.7866115673463,18.3680110294379,18.8727253474111,19.2893878240016,19.6319661550330,19.9102094400859,20.1346313029631,20.3299637535657,20.4800291185743,20.5681732467290,20.6390296683384,20.7107951604379,20.7569310208050,20.7700355613331,20.7796267730796,20.7703150360092,20.7466095696377,20.7081891875664,20.6708561251692,20.6399745688805,20.6047948363420,20.5357978539999,20.5579713149185,20.5383896527150,20.5000968703844,20.4131322399463,20.3481231280329,20.2488918920160,20.1406225200543,20.0546332041592,20.0087545059435,19.9934558469137,20.0202068369836,20.0786213532881,20.1527167989885,20.2121430519705,20.2556236665394,20.2824432129091,20.2861310141331,20.2662337973736,20.1936496154901,20.1003520920779,20.0011229948704,19.9079144565242,19.8339013235357,19.7580351244035,19.7323760520988,19.7662699342479,19.7646728779163,19.7590905375626,19.7376898020217,19.7639624201814,19.8068458600001,19.8239301626083,19.7459962480927,19.6489601577837,19.7013437293643,19.7380484428766,19.7142795210100,19.6831530639337,19.6489214919172,19.6084962631447,19.5494449713394,19.5092916550637,19.4589101612463,19.4064136259767,19.3524809960391,19.2859967979231,19.2182512770231,19.1684488858198,19.1297860906213,19.0754777951175];
